LRU algorithm with 3 frames: 

 1 - -
 1 3 -
 1 3 2
 1 3 2
 1 3 2
 1 3 2
 1 3 2
 1 3 2
 1 3 2
 1 3 4
 1 2 4
 5 2 4
 5 2 3
 5 4 3
 5 4 3
 5 4 6
 5 2 6
 1 2 6
 1 2 4
 1 5 4
 7 5 4
 7 5 3
 7 1 3
 2 1 3
 2 1 3
 2 4 3
 2 4 3
 1 4 3
 1 2 3
 1 2 7
 5 2 7
 5 1 7
 5 1 4
 2 1 4
 2 3 4
 2 3 6
 7 3 6
 7 4 6

Total number of page faults is 29

LRU algorithm with 4 frames: 

 1 - - -
 1 3 - -
 1 3 2 -
 1 3 2 -
 1 3 2 -
 1 3 2 -
 1 3 2 -
 1 3 2 -
 1 3 2 -
 1 3 2 4
 1 3 2 4
 1 5 2 4
 3 5 2 4
 3 5 2 4
 3 5 2 4
 3 5 6 4
 2 5 6 4
 2 5 6 1
 2 4 6 1
 2 4 5 1
 7 4 5 1
 7 4 5 3
 7 1 5 3
 7 1 2 3
 7 1 2 3
 4 1 2 3
 4 1 2 3
 4 1 2 3
 4 1 2 3
 7 1 2 3
 7 1 2 5
 7 1 2 5
 7 1 4 5
 2 1 4 5
 2 1 4 3
 2 6 4 3
 2 6 7 3
 4 6 7 3

Total number of page faults is 24
